0	0.52
600	0.552
1200	0.586
1800	0.606
2400	0.612
3000	0.628
3600	0.637
4200	0.648
4800	0.668
5400	0.675
6000	0.679
6600	0.698
7200	0.705
7800	0.718
8400	0.727
9000	0.72
9600	0.702
10200	0.685
10800	0.67
11400	0.672
12000	0.671
12600	0.662
13200	0.648
13800	0.618
14400	0.58
15000	0.537
15600	0.489
16200	0.442
16800	0.423
17400	0.4
18000	0.372
18600	0.353
19200	0.319
19800	0.28
20400	0.23
21000	0.173
21600	0.13
22200	0.102
22800	0.088
23400	0.07
24000	0.048
24600	0.016
25200	-0.014
25800	-0.05
26400	-0.086
27000	-0.117
27600	-0.139
28200	-0.152
28800	-0.155
29400	-0.165
30000	-0.187
30600	-0.2
31200	-0.213
31800	-0.216
32400	-0.209
33000	-0.209
33600	-0.205
34200	-0.196
34800	-0.186
35400	-0.171
36000	-0.157
36600	-0.14
37200	-0.108
37800	-0.075
38400	-0.048
39000	-0.024
39600	0.001
40200	0.025
40800	0.06
41400	0.102
42000	0.135
42600	0.176
43200	0.216
43800	0.252
44400	0.279
45000	0.305
45600	0.336
46200	0.372
46800	0.408
47400	0.446
48000	0.483
48600	0.518
49200	0.545
49800	0.56
50400	0.572
51000	0.584
51600	0.599
52200	0.626
52800	0.65
53400	0.649
54000	0.66
54600	0.677
55200	0.665
55800	0.646
56400	0.631
57000	0.621
57600	0.626
58200	0.63
58800	0.624
59400	0.595
60000	0.578
60600	0.557
61200	0.52
61800	0.479
62400	0.452
63000	0.441
63600	0.417
64200	0.402
64800	0.367
65400	0.336
66000	0.313
66600	0.288
67200	0.261
67800	0.22
68400	0.192
69000	0.178
69600	0.169
70200	0.132
70800	0.112
71400	0.1
72000	0.089
72600	0.074
73200	0.057
73800	0.045
74400	0.036
75000	0.036
75600	0.04
76200	0.052
76800	0.064
77400	0.073
78000	0.091
78600	0.109
79200	0.12
79800	0.122
80400	0.15
81000	0.168
81600	0.18
82200	0.226
82800	0.264
83400	0.279
84000	0.315
84600	0.35
85200	0.369
85800	0.388
86400	0.434
87000	0.468
87600	0.5
88200	0.538
88800	0.553
89400	0.582
90000	0.613
90600	0.635
91200	0.663
91800	0.69
92400	0.717
93000	0.742
93600	0.763
94200	0.781
94800	0.799
95400	0.809
96000	0.816
96600	0.821
97200	0.814
97800	0.838
98400	0.863
99000	0.858
99600	0.836
100200	0.802
100800	0.795
101400	0.777
102000	0.743
102600	0.724
103200	0.71
103800	0.694
104400	0.687
105000	0.658
105600	0.625
106200	0.58
106800	0.527
107400	0.501
108000	0.469
108600	0.424
109200	0.393
109800	0.379
110400	0.351
111000	0.309
111600	0.279
112200	0.249
112800	0.207
113400	0.166
114000	0.126
114600	0.09
115200	0.064
115800	0.047
116400	0.033
117000	0.008
117600	-0.026
118200	-0.047
118800	-0.063
119400	-0.077
120000	-0.085
120600	-0.074
121200	-0.061
121800	-0.059
122400	-0.054
123000	-0.057
123600	-0.049
124200	-0.019
124800	0.018
125400	0.038
126000	0.062
126600	0.097
127200	0.127
127800	0.163
128400	0.213
129000	0.257
129600	0.296
130200	0.335
130800	0.368
131400	0.441
132000	0.479
132600	0.508
133200	0.536
133800	0.576
134400	0.616
135000	0.609
135600	0.675
136200	0.726
136800	0.778
137400	0.784
138000	0.803
138600	0.862
139200	0.878
139800	0.894
140400	0.924
141000	0.934
141600	0.951
142200	0.958
142800	0.974
143400	0.975
144000	0.966
144600	0.959
145200	0.954
145800	0.95
146400	0.942
147000	0.925
147600	0.919
148200	0.907
148800	0.88
149400	0.846
150000	0.829
150600	0.806
151200	0.769
151800	0.757
152400	0.734
153000	0.718
153600	0.697
154200	0.656
154800	0.628
155400	0.601
156000	0.591
156600	0.553
157200	0.527
157800	0.468
158400	0.391
159000	0.368
159600	0.39
160200	0.38
160800	0.357
161400	0.329
162000	0.287
162600	0.268
163200	0.22
163800	0.206
164400	0.203
165000	0.198
165600	0.166
166200	0.153
166800	0.159
167400	0.158
168000	0.158
168600	0.189
169200	0.195
169800	0.236
170400	0.222
171000	0.235
171600	0.244
172200	0.281
172800	0.299
173400	0.331
174000	0.35
174600	0.355
175200	0.392
175800	0.382
176400	0.388
177000	0.409
177600	0.447
178200	0.491
178800	0.543
179400	0.605
180000	0.648
180600	0.69
181200	0.715
181800	0.73
182400	0.761
183000	0.792
183600	0.824
184200	0.838
184800	0.871
185400	0.878
186000	0.894
186600	0.916
187200	0.921
187800	0.927
188400	0.941
189000	0.934
189600	0.927
190200	0.909
190800	0.921
191400	0.885
192000	0.866
192600	0.849
193200	0.838
193800	0.799
194400	0.762
195000	0.729
195600	0.702
196200	0.658
196800	0.621
197400	0.573
198000	0.528
198600	0.493
199200	0.46
199800	0.413
200400	0.369
201000	0.328
201600	0.31
202200	0.263
202800	0.211
203400	0.161
204000	0.139
204600	0.1
205200	0.062
205800	0.012
206400	0
207000	-0.008
207600	-0.016
208200	-0.016
208800	-0.016
209400	-0.028
210000	-0.031
210600	-0.038
211200	-0.046
211800	-0.058
212400	-0.039
213000	0.001
213600	0.045
214200	0.081
214800	0.114
215400	0.131
216000	0.169
216600	0.205
217200	0.259
217800	0.323
218400	0.366
219000	0.383
219600	0.432
220200	0.499
220800	0.539
221400	0.561
222000	0.596
222600	0.657
223200	0.691
223800	0.743
224400	0.803
225000	0.846
225600	0.887
226200	0.931
226800	0.968
227400	0.989
228000	1.025
228600	1.058
229200	1.09
229800	1.093
230400	1.115
231000	1.145
231600	1.17
232200	1.159
232800	1.151
233400	1.153
234000	1.134
234600	1.131
235200	1.124
235800	1.113
236400	1.123
237000	1.089
237600	1.05
238200	1.024
238800	1.021
239400	0.989
240000	0.934
240600	0.9
241200	0.86
241800	0.826
242400	0.794
243000	0.752
243600	0.739
244200	0.704
244800	0.648
245400	0.598
246000	0.547
246600	0.487
247200	0.439
247800	0.394
248400	0.362
249000	0.346
249600	0.319
250200	0.293
250800	0.27
251400	0.218
252000	0.18
252600	0.169
253200	0.165
253800	0.186
254400	0.185
255000	0.198
255600	0.199
256200	0.2
256800	0.177
257400	0.156
258000	0.128
258600	0.141
259200	0.178
259800	0.211
260400	0.251
261000	0.286
261600	0.308
262200	0.343
262800	0.368
263400	0.394
264000	0.43
264600	0.457
265200	0.506
265800	0.528
266400	0.54
267000	0.588
267600	0.617
268200	0.626
268800	0.646
269400	0.663
270000	0.693
270600	0.727
271200	0.759
271800	0.792
272400	0.817
273000	0.827
273600	0.844
274200	0.846
274800	0.823
275400	0.84
276000	0.867
276600	0.889
277200	0.883
277800	0.858
278400	0.829
279000	0.796
279600	0.781
280200	0.767
280800	0.764
281400	0.74
282000	0.735
282600	0.713
283200	0.662
283800	0.612
284400	0.576
285000	0.53
285600	0.486
286200	0.442
286800	0.396
287400	0.363
288000	0.337
288600	0.294
289200	0.241
289800	0.18
290400	0.129
291000	0.082
291600	0.035
292200	-0.004
292800	-0.021
293400	-0.054
294000	-0.085
294600	-0.093
295200	-0.118
295800	-0.169
296400	-0.189
297000	-0.193
297600	-0.193
298200	-0.189
298800	-0.156
299400	-0.149
300000	-0.139
300600	-0.139
301200	-0.135
301800	-0.129
302400	-0.102
303000	-0.054
303600	0.003
304200	0.061
304800	0.093
305400	0.124
306000	0.183
306600	0.222
307200	0.26
307800	0.301
308400	0.365
309000	0.421
309600	0.449
310200	0.495
310800	0.539
311400	0.587
312000	0.638
312600	0.673
313200	0.715
313800	0.776
314400	0.837
315000	0.876
315600	0.91
316200	0.952
316800	1
317400	1.028
318000	1.054
318600	1.087
319200	1.102
319800	1.111
320400	1.133
321000	1.146
321600	1.146
322200	1.138
322800	1.129
323400	1.121
324000	1.101
324600	1.088
325200	1.062
325800	1.05
326400	1.035
327000	1.021
327600	0.983
328200	0.931
328800	0.883
329400	0.842
330000	0.801
330600	0.761
331200	0.723
331800	0.7
332400	0.666
333000	0.614
333600	0.56
334200	0.487
334800	0.427
335400	0.38
336000	0.333
336600	0.292
337200	0.25
337800	0.216
338400	0.183
339000	0.146
339600	0.095
340200	0.05
340800	0.022
341400	0.009
342000	-0.002
342600	-0.028
343200	-0.031
343800	-0.043
344400	-0.044
345000	-0.056
345600	-0.068
346200	-0.048
346800	-0.029
347400	-0.023
348000	0.001
348600	0.038
349200	0.067
349800	0.118
350400	0.144
351000	0.161
351600	0.174
352200	0.184
352800	0.181
353400	0.193
354000	0.226
354600	0.223
355200	0.283
355800	0.319
356400	0.35
357000	0.369
357600	0.389
358200	0.403
358800	0.478
359400	0.551
360000	0.549
360600	0.532
361200	0.525
361800	0.549
362400	0.589
363000	0.624
363600	0.644
364200	0.671
364800	0.713
365400	0.712
366000	0.705
366600	0.693
367200	0.69
367800	0.692
368400	0.701
369000	0.725
369600	0.741
370200	0.707
370800	0.692
371400	0.667
372000	0.616
372600	0.569
373200	0.538
373800	0.516
374400	0.495
375000	0.468
375600	0.432
376200	0.398
376800	0.342
377400	0.274
378000	0.235
378600	0.171
379200	0.125
379800	0.086
380400	0.058
381000	0.026
381600	-0.022
382200	-0.071
382800	-0.11
383400	-0.159
384000	-0.191
384600	-0.206
385200	-0.225
385800	-0.246
386400	-0.267
387000	-0.252
387600	-0.25
388200	-0.268
388800	-0.262
389400	-0.226
390000	-0.203
390600	-0.184
391200	-0.15
391800	-0.096
392400	-0.061
393000	-0.028
393600	0.033
394200	0.075
394800	0.077
395400	0.095
396000	0.133
396600	0.197
397200	0.277
397800	0.354
398400	0.402
399000	0.463
399600	0.54
400200	0.611
400800	0.658
401400	0.685
402000	0.732
402600	0.784
403200	0.832
403800	0.881
404400	0.943
405000	1.005
405600	1.054
406200	1.067
406800	1.125
407400	1.134
408000	1.155
408600	1.168
409200	1.187
409800	1.188
410400	1.191
411000	1.2
411600	1.194
412200	1.192
412800	1.181
413400	1.122
414000	1.11
414600	1.091
415200	1.085
415800	1.076
416400	1.049
417000	1.017
417600	0.99
418200	0.958
418800	0.942
419400	0.891
420000	0.815
420600	0.783
421200	0.744
421800	0.687
422400	0.644
423000	0.601
423600	0.555
424200	0.495
424800	0.443
425400	0.404
426000	0.341
426600	0.286
427200	0.241
427800	0.187
428400	0.13
429000	0.083
429600	0.042
430200	0.013
430800	-0.024
431400	-0.055
432000	-0.072
432600	-0.099
433200	-0.14
433800	-0.166
434400	-0.164
435000	-0.142
435600	-0.119
436200	-0.103
436800	-0.102
437400	-0.103
438000	-0.093
438600	-0.061
439200	-0.039
439800	-0.022
440400	0.008
441000	0.053
441600	0.084
442200	0.122
442800	0.143
443400	0.175
444000	0.186
444600	0.205
445200	0.219
445800	0.274
446400	0.331
447000	0.397
447600	0.449
448200	0.495
448800	0.504
449400	0.488
450000	0.518
450600	0.538
451200	0.548
451800	0.576
452400	0.604
453000	0.622
453600	0.642
454200	0.649
454800	0.648
455400	0.628
456000	0.608
456600	0.598
457200	0.597
457800	0.571
458400	0.536
459000	0.536
459600	0.532
460200	0.494
460800	0.45
461400	0.405
462000	0.363
462600	0.32
463200	0.277
463800	0.235
464400	0.176
465000	0.125
465600	0.075
466200	0.041
466800	-0.007
467400	-0.056
468000	-0.118
468600	-0.154
469200	-0.191
469800	-0.236
470400	-0.279
471000	-0.316
471600	-0.346
472200	-0.375
472800	-0.405
473400	-0.433
474000	-0.451
474600	-0.468
475200	-0.477
475800	-0.476
476400	-0.474
477000	-0.475
477600	-0.464
478200	-0.442
478800	-0.421
479400	-0.398
480000	-0.373
480600	-0.335
481200	-0.287
481800	-0.245
482400	-0.199
483000	-0.15
483600	-0.093
484200	-0.041
484800	0.002
485400	0.051
486000	0.097
486600	0.164
487200	0.252
487800	0.316
488400	0.384
489000	0.441
489600	0.489
490200	0.534
490800	0.581
491400	0.634
492000	0.707
492600	0.774
493200	0.84
493800	0.887
494400	0.938
495000	0.98
495600	1.02
496200	1.049
496800	1.075
497400	1.096
498000	1.124
498600	1.145
499200	1.158
499800	1.163
500400	1.159
501000	1.16
501600	1.136
502200	1.112
502800	1.086
503400	1.069
504000	1.058
504600	1.04
505200	1.001
505800	0.96
506400	0.924
507000	0.863
507600	0.818
508200	0.772
508800	0.72
509400	0.668
510000	0.621
510600	0.578
511200	0.52
511800	0.459
512400	0.403
513000	0.343
513600	0.28
514200	0.223
514800	0.162
515400	0.105
516000	0.058
516600	0.009
517200	-0.039
517800	-0.081
518400	-0.127
519000	-0.177
519600	-0.216
520200	-0.252
520800	-0.273
521400	-0.303
522000	-0.329
522600	-0.348
523200	-0.358
523800	-0.368
524400	-0.375
525000	-0.369
525600	-0.36
526200	-0.347
526800	-0.323
527400	-0.283
528000	-0.246
528600	-0.208
529200	-0.164
529800	-0.137
530400	-0.113
531000	-0.086
531600	-0.06
532200	-0.029
532800	0.009
533400	0.07
534000	0.12
534600	0.168
535200	0.201
535800	0.244
536400	0.269
537000	0.295
537600	0.326
538200	0.354
538800	0.383
539400	0.416
540000	0.454
540600	0.476
541200	0.486
541800	0.5
542400	0.511
543000	0.509
543600	0.509
544200	0.508
544800	0.513
545400	0.519
546000	0.514
546600	0.495
547200	0.476
547800	0.443
548400	0.406
549000	0.367
549600	0.331
550200	0.301
550800	0.272
551400	0.242
552000	0.204
552600	0.159
553200	0.105
553800	0.051
554400	-0.001
555000	-0.053
555600	-0.104
556200	-0.144
556800	-0.184
557400	-0.231
558000	-0.279
558600	-0.321
559200	-0.371
559800	-0.418
560400	-0.464
561000	-0.496
561600	-0.53
562200	-0.546
562800	-0.554
563400	-0.56
564000	-0.566
564600	-0.573
565200	-0.578
565800	-0.571
566400	-0.563
567000	-0.543
567600	-0.507
568200	-0.462
568800	-0.437
569400	-0.403
570000	-0.371
570600	-0.338
571200	-0.302
571800	-0.266
572400	-0.216
573000	-0.15
573600	-0.085
574200	-0.019
574800	0.043
575400	0.104
576000	0.171
576600	0.241
577200	0.301
577800	0.358
578400	0.422
579000	0.491
579600	0.556
580200	0.616
580800	0.68
581400	0.745
